ID-050509B	-0.88	0.34	0.34
ID-050709	-1.24	0.35	0.35
ID-050724A	-0.81	0.15	0.15
ID-050813	-1.3	2.1	1.3
ID-051210	-2.1	0.5	0.5
ID-051221A	-1	0.2	0.2
ID-060121	-1.07	0.16	0.16
ID-060313	-0.96	0.09	0.09
ID-060502B	-2.07	1.5	0.54
ID-060801	-0.68	0.12	0.12
ID-061006	-0.9	0.25	0.25
ID-061201	-0.66	0.12	0.12
ID-061210	-1.86	1.26	0.61
ID-070429B	-2	0.63	0.63
ID-070707	-1.86	1.58	0.57
ID-070714B	-1.07	0.19	0.19
ID-070724A	-0.6	0.25	0.25
ID-070729	-0.5	0.44	0.25
ID-070809	-0.37	0.13	0.07
ID-071227	-0.9	0.31	0.31
ID-080123	-1.6	0.4	0.4
ID-080426	-1.03	0.16	0.16
ID-080503	-1.53	0.26	0.12
ID-080702A	-1	0.43	0.43
ID-080905A	-0.53	0.18	0.18
ID-080919	-1.9	0.63	0.38
ID-081024A	-0.7	0.38	0.38
ID-081226A	-2.27	1.24	0.32
ID-090305A	0	0	0
ID-090426A	-1.04	0.09	0.09
ID-090510	-0.75	0.08	0.08
ID-090515	-1.53	0.78	0.28
ID-090607	-1.2	0.4	0.4
ID-090621B	-2.7	0.68	1
ID-091109B	-1.1	0.3	0.3
ID-100117A	-1.6	0.3	0.3
ID-100206A	-2.05	1.07	0.53
ID-100213	-2	1.2	1
ID-100625A	-1.5	0.2	0.2
ID-100702A	-1.7	0.3	0.3
ID-101219A	-0.8	0.1	0.1
ID-101224A	-2.4	1.8	0.6
ID-110112A	-1.2	0.2	0.2
ID-111020A	-1.04	0.16	0.16
ID-111117A	-1	0.2	0.2
ID-111121A	-0.9	0.12	0.12
ID-111222A	-0.7	1.4	0.4
ID-120305A	-2.2	0.6	0.4
ID-120521A	-0.8	0.25	0.25
ID-120630A	-0.8	0.3	0.3
ID-120804A	-1.1	0.1	0.1
ID-121226A	-1.5	0.25	0.25
ID-130313A	-1.6	2.1	2.5
ID-130515A	-0.7	0.31	0.31
ID-130603B	-1.2	0.1	0.1
ID-130716A	-1.1	0.56	0.38
ID-130822A	-0.89	1.1	0.34
ID-130912A	-0.57	0.13	0.13
ID-131004A	-0.8	0.3	0.3
ID-140129B	-0.97	0.11	0.11
ID-140320A	-3.8	2.6	0.88
ID-140516A	-0.7	0.44	0.44
ID-140622A	-0.55	0.42	0.18
ID-140903A	-0.6	0.1	0.1
ID-140930B	-0.73	0.28	0.28
ID-141212A	-1.7	2.75	0.81
ID-150101A	-0.4	0.56	0.56
ID-150101B	-0.67	0.17	0.17
ID-150120A	-1	0.31	0.31
ID-150301A	-0.7	0.13	0.13
